### Hand File ###

TParent \
1.0  0.0  0.0  0.0  1.0  0.0  0.0  0.0  1.0  0  0  0.1 \
0.95106 0.0 0.30902 0.30902 0.0 -0.95106 -0.0 1.0 0.0 0.03 0.02 0.01 \
-0.95106 0.0 0.30902 0.30902 0.0 0.95106 -0.0 1.0 -0.0 -0.03 0.02 0.01 \
-0.95106 0.0 -0.30902 -0.30902 0.0 0.95106 0.0 1.0 -0.0 -0.03 -0.02 0.01 \
0.95106 0.0 -0.30902 -0.30902 0.0 -0.95106 0.0 1.0 0.0 0.03 -0.02 0.01

parents  -1  0  0  0  0
axis  0 0 1  0 1 0  0 1 0  0 1 0  0 1 0

qMinDeg  0  -30  -30  -30  -30
qMaxDeg  0  30  30  30  30
velMaxDeg  0  90  90  90  90
accMaxDeg  0  180  180  180  180
torqueMax  inf  10  10  10  10

qDeg  0  0  0  0  0
mass  1  0.1  0.1  0.1  0.1
automass

geometry  "cylinder_palm.stl"  "cylinder_base.stl"  "cylinder_base.stl"  "cylinder_base.stl"  "cylinder_base.stl"
geomscale  0.1  0.03  0.03  0.03  0.03

joint  weld  0
joint  weld  1
joint  weld  2
joint  weld  3
joint  weld  4

servoP
servoI
servoD
dryFriction
viscousFriction

mount  1  "finger_default.rob" 1.0  0.0  0.0  0.0  1.0  0.0  0.0  0.0  1.0  0  0  0
mount  2  "finger_default.rob" 1.0  0.0  0.0  0.0  1.0  0.0  0.0  0.0  1.0  0  0  0
mount  3  "finger_default.rob" 1.0  0.0  0.0  0.0  1.0  0.0  0.0  0.0  1.0  0  0  0
mount  4  "finger_default.rob" 1.0  0.0  0.0  0.0  1.0  0.0  0.0  0.0  1.0  0  0  0

noselfcollision  0 1  0 2  0 3  0 4
noselfcollision  1 5  5 6  6 7
noselfcollision  0 5
noselfcollision  2 8  8 9  9 10
noselfcollision  0 8
noselfcollision  3 11  11 12  12 13
noselfcollision  0 11
noselfcollision  4 14  14 15  15 16
noselfcollision  0 14

